-99949535
-99533718
-99383960
-99287369
-99137098
-99017830
-98999772
-98879116
-98807882
-98504920
-97912547
-97750415
-97628403
-96826890
-96789989
-96621152
-96228484
-95984278
-95110463
-94919269
-94820330
-94443249
-93855711
-93362503
-93206975
-93126652
-92987852
-92822786
-92517555
-92249761
-92205272
-92020402
-91913125
-91660220
-91562007
-91457999
-91171116
-91158751
-90929608
-90799296
-90421695
-90037523
-90006021
-89536493
-89479936
-89447259
-89294934
-88953285
-88934682
-88931467
-88798541
-88752019
-88316598
-88048581
-88042935
-88036891
-87894422
-87831629
-87698886
-87556576
-87551948
-87433295
-87349709
-87080538
-86926825
-86918364
-86632239
-86398242
-86070606
-86047899
-85790999
-85729358
-85602814
-84878938
-84732081
-84584680
-84520552
-84329312
-84077549
-84073753
-83657356
-83376687
-83245919
-83201751
-83156474
-83044392
-82655027
-82628077
-82246539
-82075414
-81928708
-81738968
-81652352
-81583088
-81567272
-81459626
-81309958
-81228008
-81125017
-80830416
-80796489
-80795907
-80461040
-80326954
-80158284
-80053192
-79788467
-79739797
-79428793
-79415503
-79370514
-79109735
-79020033
-78825674
-78782759
-78708665
-78683513
-78551299
-78527821
-78387932
-78272878
-78261986
-78083745
-77773223
-77262103
-77040625
-76789101
-76584802
-75863277
-75737229
-75716002
-75497805
-75431581
-75410747
-75085834
-75053075
-74962664
-74556649
-74484958
-74100598
-73532918
-73500795
-73255578
-72988134
-72987018
-72948933
-72768152
-72705547
-71992692
-71817280
-71771247
-71635664
-71269866
-71067107
-71002230
-70828252
-70726495
-69911862
-68921536
-68904335
-68650719
-68602322
-68547972
-68518632
-68096327
-67613703
-67501781
-67457225
-66878595
-66871630
-66801088
-66749526
-66721676
-66624002
-66408278
-66144813
-65649693
-65556975
-65182398
-64959681
-64630192
-64557579
-64320737
-64222479
-64211835
-63946678
-63919638
-63582416
-63564175
-63482230
-63358846
-62624881
-62493445
-62037860
-61875028
-61416826
-60799722
-60797382
-60190143
-59978976
-59785275
-59758343
-59634744
-59459734
-59298583
-59218530
-58913057
-58828552
-58633848
-58620707
-58452091
-58282632
-58155438
-57911844
-57754255
-57734044
-57580365
-57128570
-57054956
-56812943
-56783876
-56721188
-56223567
-55310038
-55130307
-55094683
-54903516
-54604880
-54562791
-54373284
-54192504
-53914722
-53795931
-53694293
-53006573
-52904464
-52852770
-52458299
-52229617
-52032964
-51716745
-51607450
-51530423
-51139779
-51137757
-50931107
-50877801
-50581969
-50562076
-50369091
-50305662
-50294149
-49778666
-49347585
-49235713
-49109273
-49091106
-48667276
-48581561
-48555629
-48552777
-48415521
-47610099
-47298951
-46982466
-46666725
-46646277
-46217235
-46187663
-46158989
-46088192
-45724788
-45305334
-45237495
-45157974
-45140548
-44721557
-44585380
-44324057
-43530401
-43441669
-43417203
-43341754
-43175148
-42948241
-42737569
-42671070
-42663862
-42547927
-42545767
-42086261
-41997925
-41636468
-41054680
-40223826
-40220744
-40165619
-39602377
-39420147
-39347564
-39235721
-39127556
-39077648
-38564772
-38433714
-38368859
-38275080
-38154613
-37934762
-37827169
-37128930
-36731329
-36591488
-36370790
-36082341
-36046314
-36042539
-35530374
-35408012
-35339218
-35332157
-34978544
-34913928
-34644371
-34449199
-34312012
-34048331
-33869393
-33280548
-33248851
-33187081
-32906370
-32890483
-32824374
-32585031
-32208323
-32156642
-31885459
-31707956
-31683051
-31645361
-31209024
-30990098
-30943629
-30843533
-30572708
-30264078
-30131790
-30073857
-29683096
-29625287
-29206007
-28941385
-28618730
-28546047
-28498109
-28441718
-28130636
-27694302
-27624967
-27301240
-27181992
-26860162
-26804860
-26243551
-26202384
-26085204
-26076895
-25305278
-24380202
-24365410
-24213217
-24175452
-23149004
-23096232
-22899172
-22709893
-22640358
-22544806
-22342758
-22180047
-22098328
-21722070
-21505242
-21348436
-21292806
-21206269
-20694413
-20393366
-20254510
-20244316
-20166882
-19645493
-19610293
-19105699
-19052237
-18913850
-18429422
-18394972
-18230139
-18062947
-17988404
-17853632
-17790224
-17699134
-17556620
-17001077
-16934106
-16726254
-15801148
-15637958
-15596263
-15468517
-15044271
-14983838
-14948294
-14946584
-14897839
-14667076
-14655017
-14495414
-14216974
-14129111
-13991699
-13438987
-13202122
-13010769
-12914979
-12703870
-12543621
-12251043
-11901561
-11811937
-11687144
-11661794
-11453188
-11384602
-10856042
-10788439
-10530406
-10242482
-10180571
-10159370
-10035605
-9910050
-9613382
-9526901
-9512871
-9436134
-9116328
-8778266
-8524576
-7813356
-7346952
-7272683
-7159170
-7079034
-6734539
-6711962
-6669040
-6503018
-6475902
-6394717
-6162104
-5727462
-4924230
-4745707
-4643698
-4637969
-4600375
-4452117
-4307392
-4154563
-4142322
-3918108
-3865470
-3750327
-3559051
-3471847
-3291625
-3284950
-3196854
-3044270
-2689620
-2688495
-2433899
-2227686
-1863637
-1816697
-998837
-734925
-413527
-269801
-261024
205323
272954
277667
280417
506328
535906
655683
784778
1092769
1131366
1198679
1201564
1335580
1491669
2074642
2090214
2172021
2302940
2491624
2660157
2686908
2964239
3016472
3027512
3078176
3254261
3261830
3389849
3471315
3721083
3763394
3824731
3923766
4439297
4456414
4658160
4666002
4673889
4706090
4785832
4829241
4862537
5014918
5151265
5231807
5319411
5459182
5826744
5944436
6249629
6291937
6497913
6529332
6653413
6812460
6955137
7116994
7393661
7502968
7557818
7590588
7889332
8052713
8177297
8708071
8712569
8729538
8761569
9320842
9443492
9575337
9719671
9910354
10883818
10980366
11293900
11509505
11749193
11799568
12083002
12211186
12232373
12235016
12863456
12882422
13036014
13325970
13361552
13395177
13399063
13593285
13787284
14748225
14768511
14857844
15062633
15122685
15255795
15418368
15625875
15738452
15856765
15949179
15996412
16046582
16081609
16401776
16836634
17028188
17030530
17099618
17413511
17655742
17939921
18095711
18277719
18705388
18769340
19006869
19654978
19747754
20079761
20207062
20210468
20341208
20789125
20955956
20971144
20985312
21082661
21256213
21550672
21848253
21984759
21998061
22076195
22120528
22154526
22173841
22174235
22222248
22542992
22746998
23039894
23317359
23516118
23640476
23707570
23742163
23897402
23903014
24516989
24945363
25045222
25174766
25598012
25598365
26114864
26358401
26503823
26525262
26868359
26991651
27376848
27643648
27722195
28001239
28019003
28031229
28069893
28301704
28438253
28620253
29390959
29601964
29670517
30165425
30315014
30758426
30952798
31012929
31038079
31070255
31130636
31400175
31936205
31964618
32380992
32418863
32470748
32650565
32731906
32811022
33595258
33674870
34037302
34231197
34251067
34529515
34538395
34586832
34755403
34943374
35019313
35256813
35259864
35648148
35826570
36002820
36093461
36327684
36649226
36739235
36788521
37046229
37154256
37306315
37720124
38071781
38235350
38466255
38581369
38615498
38687004
39348963
39614775
39846876
39929390
40020447
40035657
40148535
40389260
40537872
40563141
40612854
40761213
40762738
41027153
41077694
41274652
41325503
41450321
41619803
41655694
41741853
42250894
42351828
42623726
43041757
43406821
43882122
43985888
44249725
44363933
45144112
45213532
45411598
45442085
45615362
45910360
46114474
46278392
46706386
46713438
46823653
46961474
47061488
47466944
47719884
48100208
48273315
48600427
48964878
49435277
49721778
49823674
49855330
50252166
50455630
50900807
50928950
51408540
51642694
51736672
52285680
53361491
53777036
53780724
54097275
54113180
54446689
54663446
54788761
55277737
55314700
55421508
55705557
55710264
56277145
56478895
56489735
56872969
56886949
56931749
56934199
57443844
57622900
57642117
57950238
58174184
58532392
58621707
58663897
58817407
58879010
59002555
59205798
59304498
59330020
59485735
59540753
59571185
59599612
59997025
60398038
60649889
60794042
60835635
61211817
61319322
62510214
62642298
62689660
62938198
63066226
63221407
63903516
63991184
64178327
64313295
64332240
64381566
64395572
64639250
64914952
65444929
65989558
66336303
66428635
66627685
66798268
66829139
66838398
67170378
67271093
67527495
68313225
68422009
69432919
69534814
69682863
69848851
69939669
70066559
70981369
71097383
71180408
71667724
71669381
71732299
72074468
72165840
72281298
72316452
72383084
72385997
72846948
74148803
74445644
74648786
74929743
75341539
75504477
75547570
75695637
76028983
76119768
76418698
76471156
76620690
76760016
77150220
77396543
77428423
77516664
77561021
77948725
78028724
78274897
78345589
78404239
78404790
78464912
78560927
79287990
79345619
79359083
80666180
80780857
80907628
81001243
81184259
81391299
81764625
81828796
82097307
82113955
82313814
82319115
82462429
82531909
82584174
82708944
82742188
83010270
83770883
83842307
83932399
84095489
84186994
84454182
84793271
84917557
84977392
85061205
85114019
85486405
86303581
86325548
86358825
86375977
86480203
86705115
87536995
88135210
88264662
88472605
88589800
88684178
88771081
89324282
89406459
90205706
90207317
90269385
90555678
90629948
90735616
90953937
91127891
91265205
91279897
91937164
92546268
92618491
93239637
93552157
93673292
93692522
93982648
94385576
94405365
94622818
94687037
94774920
94783508
94810392
95012625
95383983
95459535
95526362
95679818
95822734
95850477
95955090
96075633
96229555
96450422
96594854
96834847
97125330
97165743
97296224
97303911
97312168
97539175
97606065
97803695
97976345
98072402
98335546
98534481
98574677
99159191
99373573
99588958
